               precision    recall  f1-score   support

           0       0.00      0.00      0.00        57
           1       0.69      0.52      0.59       203
           2       0.00      0.00      0.00        69
           3       0.71      0.50      0.58       206
           4       0.00      0.00      0.00        13
           5       0.00      0.00      0.00        14
           6       0.00      0.00      0.00        12
           7       0.00      0.00      0.00        27
           8       0.61      0.68      0.64       441
           9       0.53      0.88      0.66       550
          10       0.63      0.64      0.63       327
          11       0.54      0.78      0.64       391
          12       0.00      0.00      0.00        50
          13       0.00      0.00      0.00        81
          14       0.00      0.00      0.00        61
          15       0.00      0.00      0.00       101

    accuracy                           0.58      2603
   macro avg       0.23      0.25      0.23      2603
weighted avg       0.48      0.58      0.52      2603
